ns=50;
RHS_ind = [
2;3;4;5;6;7;8;9;10;11;12;13;14;15;16;17;18;19;20;21;22;23;24;25;26;27;28;29;30;31;32;33;34;35;36;37;38;39;40;41;42;43;44;45;46;47;48;49;50;51;52;53;54;55;56;57;58;59;60;61;62;63;64;65;66;67;68;69;70;71;72;73;74;75;76;77;78;79;80;81;82;83;84;85;86;87;];
senario = [
6.896900e-001,0.000000e+000,6.896900e-001,6.850000e+000,6.896900e-001,0.000000e+000,8.254980e+000,0.000000e+000,0.000000e+000,6.896900e-001,6.932280e+000,1.071000e+001,3.689100e+001,1.153100e+001,3.689690e+000,6.771750e+001,9.493180e+000,1.689690e+000,3.652430e+000,6.967000e+001,3.371750e+001,1.107220e+001,3.419020e+000,6.932280e+000,4.932280e+000,2.686180e+001,1.120800e+000,1.120800e+000,2.254980e+000,5.419020e+000,8.254980e+000,4.652430e+000,7.417200e-001,1.198810e+001,1.114310e+000,2.589100e+001,1.307220e+001,8.254980e+000,0.000000e+000,4.417110e+001,6.419020e+000,9.064000e+001,1.861300e+002,4.785300e+001,5.988120e+000,0.000000e+000,1.881100e+001,6.832000e-001,7.683200e+000,2.519500e+001,3.419020e+000,4.917110e+001,1.689690e+000,2.683200e+000,9.506980e+000,1.143100e-001,1.789100e+001,6.741720e+000,6.932280e+000,1.268970e+001,2.750700e+001,2.254980e+000,2.120800e+000,1.741720e+000,1.988120e+000,1.486180e+001,4.180820e+000,1.350700e+001,1.683200e+000,1.707220e+001,3.683200e+000,2.683200e+000,6.689690e+000,3.896000e+001,1.049320e+001,1.686180e+001,6.832000e-001,8.254980e+000,2.114310e+000,3.212080e+001,0.000000e+000,1.707220e+001,4.194590e+001,1.198810e+001,2.741720e+000,4.765240e+001,;
6.896900e-001,0.000000e+000,1.208000e-001,1.208000e-001,1.652430e+000,0.000000e+000,9.419020e+000,0.000000e+000,0.000000e+000,1.208000e-001,1.808200e-001,5.271750e+001,2.750700e+001,2.050700e+001,3.689690e+000,5.838250e+001,1.808200e-001,6.832000e-001,1.515700e-001,1.789100e+001,2.438250e+001,1.880890e+001,0.000000e+000,2.741720e+000,7.417200e-001,3.194590e+001,1.120800e+000,2.652430e+000,7.493180e+000,6.932280e+000,8.254980e+000,2.114310e+000,2.254980e+000,1.994590e+001,2.689690e+000,3.119500e+001,2.080890e+001,8.254980e+000,0.000000e+000,2.050700e+001,1.049320e+001,9.064000e+001,7.438250e+001,3.571750e+001,5.988120e+000,0.000000e+000,1.881100e+001,7.850000e+000,8.120800e+000,1.989100e+001,0.000000e+000,4.019500e+001,1.120800e+000,3.120800e+000,5.309500e-001,1.120800e+000,6.967000e+001,9.419020e+000,2.741720e+000,1.885000e+001,3.689100e+001,4.932280e+000,1.114310e+000,5.932280e+000,1.480890e+001,1.486180e+001,4.180820e+000,1.881100e+001,2.689690e+000,1.707220e+001,2.151570e+000,2.683200e+000,6.120800e+000,1.380890e+001,5.254980e+000,1.686180e+001,6.832000e-001,1.093230e+001,1.151570e+000,3.268970e+001,0.000000e+000,1.198810e+001,3.907220e+001,4.996000e+001,5.419020e+000,4.568320e+001,;
1.652430e+000,0.000000e+000,1.208000e-001,1.652430e+000,1.652430e+000,0.000000e+000,1.093230e+001,0.000000e+000,0.000000e+000,0.000000e+000,2.741720e+000,5.271750e+001,3.281100e+001,3.519500e+001,1.151570e+000,1.701300e+002,4.254980e+000,1.120800e+000,2.689690e+000,1.381100e+001,2.438250e+001,5.988120e+000,2.254980e+000,1.808200e-001,4.932280e+000,1.912510e+001,1.120800e+000,0.000000e+000,7.417200e-001,2.741720e+000,8.254980e+000,3.689690e+000,0.000000e+000,1.486180e+001,1.114310e+000,3.119500e+001,1.086180e+001,8.254980e+000,0.000000e+000,1.153100e+001,5.254980e+000,1.063000e+002,1.861300e+002,1.381300e+002,1.125050e+000,3.771750e+001,2.819500e+001,1.120800e+000,7.683200e+000,2.519500e+001,3.419020e+000,3.081100e+001,2.652430e+000,3.689690e+000,5.309500e-001,1.143100e-001,2.319500e+001,6.741720e+000,5.419020e+000,1.168320e+001,3.689100e+001,4.932280e+000,8.850000e+000,1.741720e+000,1.988120e+000,1.707220e+001,4.180820e+000,1.350700e+001,1.114310e+000,1.707220e+001,4.689690e+000,2.683200e+000,1.285000e+001,3.861760e+000,5.254980e+000,2.194590e+001,1.689690e+000,8.254980e+000,3.120800e+000,3.015160e+001,1.652430e+000,1.994590e+001,4.194590e+001,7.125050e+000,6.932280e+000,5.285000e+001,;
1.652430e+000,0.000000e+000,0.000000e+000,0.000000e+000,6.896900e-001,0.000000e+000,9.419020e+000,0.000000e+000,1.652430e+000,0.000000e+000,6.932280e+000,5.271750e+001,5.117110e+001,3.519500e+001,4.652430e+000,7.985300e+001,6.932280e+000,6.832000e-001,3.652430e+000,1.381100e+001,6.639000e+001,8.861760e+000,2.161000e+001,6.932280e+000,3.419020e+000,2.686180e+001,1.120800e+000,6.832000e-001,3.419020e+000,1.808200e-001,6.741720e+000,3.689690e+000,4.932280e+000,1.486180e+001,2.689690e+000,2.181100e+001,7.988120e+000,6.741720e+000,0.000000e+000,3.519500e+001,1.049320e+001,1.063000e+002,9.585300e+001,3.571750e+001,1.394590e+001,1.401300e+002,1.881100e+001,1.689690e+000,8.689690e+000,2.519500e+001,7.417200e-001,4.019500e+001,0.000000e+000,2.683200e+000,3.317110e+001,1.120800e+000,2.319500e+001,9.419020e+000,5.419020e+000,1.111430e+001,4.219500e+001,2.254980e+000,1.114310e+000,2.261000e+001,1.988120e+000,1.707220e+001,1.349320e+001,1.881100e+001,2.689690e+000,1.994590e+001,5.652430e+000,2.683200e+000,6.689690e+000,6.072240e+000,7.932280e+000,2.194590e+001,7.850000e+000,6.741720e+000,2.114310e+000,3.015160e+001,1.208000e-001,1.994590e+001,3.398810e+001,1.707220e+001,6.932280e+000,4.568320e+001,;
1.652430e+000,0.000000e+000,1.208000e-001,0.000000e+000,0.000000e+000,0.000000e+000,9.419020e+000,0.000000e+000,0.000000e+000,0.000000e+000,9.493180e+000,3.124700e+001,8.867000e+001,2.050700e+001,2.114310e+000,6.771750e+001,4.254980e+000,6.832000e-001,1.114310e+000,8.506980e+000,4.585300e+001,1.880890e+001,7.417200e-001,4.254980e+000,4.932280e+000,2.686180e+001,0.000000e+000,1.143100e-001,4.932280e+000,6.932280e+000,6.741720e+000,1.151570e+000,4.932280e+000,1.486180e+001,2.689690e+000,2.589100e+001,7.988120e+000,1.093230e+001,0.000000e+000,2.581100e+001,3.741720e+000,1.063000e+002,9.585300e+001,1.424700e+001,8.861760e+000,3.771750e+001,1.350700e+001,1.143100e-001,9.652430e+000,2.519500e+001,0.000000e+000,8.667000e+001,6.832000e-001,1.151570e+000,1.889100e+001,7.850000e+000,8.506980e+000,6.741720e+000,2.361000e+001,1.212080e+001,5.117110e+001,0.000000e+000,1.515700e-001,5.932280e+000,1.988120e+000,1.994590e+001,8.254980e+000,2.289100e+001,1.515700e-001,2.480890e+001,5.652430e+000,2.683200e+000,7.652430e+000,1.380890e+001,6.419020e+000,1.686180e+001,1.143100e-001,4.180820e+000,1.151570e+000,3.168320e+001,0.000000e+000,2.480890e+001,4.680900e+001,2.480890e+001,1.808200e-001,4.668970e+001,;
1.652430e+000,0.000000e+000,0.000000e+000,6.850000e+000,1.208000e-001,3.171050e+000,4.180820e+000,0.000000e+000,1.652430e+000,1.652430e+000,5.419020e+000,4.338250e+001,2.750700e+001,3.519500e+001,3.120800e+000,5.838250e+001,2.361000e+001,1.689690e+000,2.689690e+000,1.381100e+001,1.361300e+002,5.988120e+000,7.417200e-001,4.254980e+000,2.254980e+000,1.912510e+001,7.850000e+000,1.120800e+000,2.254980e+000,4.254980e+000,8.254980e+000,4.652430e+000,7.493180e+000,2.480890e+001,1.515700e-001,4.017110e+001,1.594590e+001,2.761000e+001,0.000000e+000,3.519500e+001,7.932280e+000,9.064000e+001,1.163900e+002,2.638250e+001,1.394590e+001,1.401300e+002,7.467000e+001,1.143100e-001,8.120800e+000,1.050700e+001,3.419020e+000,4.917110e+001,1.689690e+000,3.120800e+000,3.317110e+001,1.689690e+000,1.789100e+001,1.093230e+001,4.254980e+000,1.111430e+001,3.689100e+001,2.254980e+000,1.114310e+000,5.932280e+000,0.000000e+000,1.707220e+001,6.741720e+000,3.717110e+001,3.652430e+000,1.707220e+001,3.683200e+000,3.689690e+000,6.689690e+000,9.881200e-001,1.180820e+000,2.194590e+001,1.689690e+000,2.761000e+001,9.850000e+000,3.365240e+001,0.000000e+000,1.994590e+001,7.196000e+001,7.125050e+000,5.419020e+000,4.415160e+001,;
