ns=50;
RHS_ind = [
2;3;4;5;6;7;8;9;10;11;12;13;14;15;16;17;18;19;20;21;22;23;24;25;26;27;28;29;30;31;32;33;34;35;36;37;38;39;40;41;42;43;44;45;46;47;48;49;50;51;52;53;54;55;56;57;58;59;60;61;62;63;64;65;66;67;68;69;70;71;72;73;74;75;76;77;78;79;80;81;82;83;84;85;86;87;88;89;90;91;92;93;94;95;96;97;98;99;100;101;102;103;104;105;106;107;108;109;110;111;112;113;114;115;116;117;118;];
senario = [
4.631000e+002,8.000000e+001,1.851000e+002,5.851000e+002,1.224000e+002,7.200000e+002,1.080000e+003,3.040000e+001,6.820000e+001,4.008000e+002,5.600000e+000,4.800000e+001,6.000000e+002,1.650000e+002,1.104000e+002,8.460000e+001,1.304000e+002,2.496000e+002,2.480000e+002,2.178000e+002,2.060000e+002,1.092000e+002,6.500000e+001,1.232000e+002,1.540000e+002,1.680000e+001,8.400000e+001,2.100000e+002,3.120000e+002,1.920000e+002,6.100000e+001,6.784000e+002,1.595000e+002,3.825000e+001,1.167500e+002,2.400000e+001,3.850000e+001,8.426000e+001,7.713000e+002,5.100000e+001,8.430000e+001,8.000000e+000,3.000000e-001,2.700000e+001,7.290000e+001,1.472000e+002,1.200000e+000,1.276000e+002,4.097250e+002,4.600200e+001,3.437500e+001,5.751000e+000,1.061000e+001,3.630000e+001,9.570000e+001,7.700000e+000,2.200000e+001,1.064000e+000,1.012000e+002,1.915100e+001,1.219500e+001,6.655000e+000,5.000000e-001,1.070400e+001,2.400000e+000,1.199000e+001,4.900000e+001,3.600000e+000,1.000000e+000,4.122000e+001,2.512000e+001,5.170000e+000,2.734000e+001,1.540000e+001,5.697000e+000,5.275000e+001,4.400000e+000,1.530000e+001,1.320000e+002,1.620000e+001,2.934000e+001,1.926000e+002,7.350000e+001,1.793000e+002,7.050000e+001,1.800000e+001,2.250000e+001,9.000000e-001,1.000000e+000,3.120000e+001,5.775000e+000,6.990000e+001,4.500000e+000,4.218000e+002,1.161000e+002,1.110000e+001,1.200000e+001,6.239700e+001,5.225000e+000,2.162600e+001,3.192000e+000,1.100000e+000,3.179700e+001,8.800000e+000,1.626400e+001,3.840000e+001,7.775000e+001,2.080000e+001,8.560000e+001,3.600000e+002,1.215000e+002,5.700000e+000,6.525000e+001,5.500000e-001,8.500000e+001,9.450000e+000,2.000000e-001,;
5.052000e+002,1.200000e+002,1.665900e+002,5.851000e+002,1.224000e+002,9.000000e+002,1.080000e+003,4.180000e+001,4.960000e+001,2.672000e+002,5.600000e+000,4.800000e+001,6.000000e+002,1.500000e+002,1.104000e+002,1.128000e+002,1.467000e+002,2.288000e+002,2.728000e+002,1.584000e+002,2.266000e+002,8.190000e+001,7.150000e+001,1.694000e+002,1.540000e+002,2.520000e+001,5.600000e+001,2.520000e+002,3.120000e+002,2.640000e+002,5.490000e+001,8.140800e+002,1.305000e+002,4.675000e+001,1.401000e+002,3.600000e+001,2.800000e+001,7.660000e+001,6.856000e+002,5.100000e+001,7.025000e+001,9.000000e+000,2.500000e-001,1.800000e+001,6.075000e+001,1.840000e+002,1.800000e+000,9.280000e+001,3.642000e+002,3.345600e+001,2.500000e+001,6.390000e+000,1.273200e+001,2.970000e+001,7.177500e+001,7.000000e+000,1.800000e+001,1.197000e+000,1.104000e+002,1.566900e+001,1.355000e+001,6.655000e+000,4.000000e-001,1.070400e+001,1.600000e+000,1.199000e+001,4.410000e+001,2.700000e+000,1.000000e+000,5.038000e+001,2.826000e+001,4.653000e+000,3.007400e+001,1.120000e+001,5.697000e+000,5.275000e+001,3.200000e+000,2.040000e+001,1.200000e+002,1.980000e+001,2.934000e+001,1.765500e+002,5.512500e+001,1.467000e+002,8.460000e+001,1.600000e+001,2.475000e+001,8.000000e-001,1.000000e+000,3.120000e+001,4.725000e+000,6.407500e+001,5.500000e+000,3.515000e+002,9.675000e+001,1.017500e+001,1.200000e+001,8.319600e+001,4.275000e+000,2.162600e+001,3.192000e+000,8.000000e-001,3.179700e+001,1.320000e+001,2.236300e+001,3.840000e+001,8.552500e+001,2.600000e+001,1.070000e+002,3.600000e+002,1.620000e+002,3.800000e+000,7.177500e+001,4.000000e-001,6.800000e+001,8.400000e+000,2.000000e-001,;
3.368000e+002,1.200000e+002,1.480800e+002,5.265900e+002,1.122000e+002,7.200000e+002,1.320000e+003,3.040000e+001,6.820000e+001,3.674000e+002,7.000000e+000,6.000000e+001,4.800000e+002,1.350000e+002,1.104000e+002,9.400000e+001,1.793000e+002,1.872000e+002,2.480000e+002,1.584000e+002,2.266000e+002,1.001000e+002,7.150000e+001,1.540000e+002,1.232000e+002,2.100000e+001,6.300000e+001,2.310000e+002,2.340000e+002,1.920000e+002,7.320000e+001,6.105600e+002,1.595000e+002,4.250000e+001,1.167500e+002,2.400000e+001,4.200000e+001,9.192000e+001,7.713000e+002,5.100000e+001,5.620000e+001,9.000000e+000,2.000000e-001,1.800000e+001,5.467500e+001,2.024000e+002,1.200000e+000,1.160000e+002,4.552500e+002,4.600200e+001,3.750000e+001,5.112000e+000,9.549000e+000,3.300000e+001,7.177500e+001,7.700000e+000,2.200000e+001,1.596000e+000,8.280000e+001,1.741000e+001,1.219500e+001,5.445000e+000,5.500000e-001,8.028000e+000,2.200000e+000,8.720000e+000,4.410000e+001,3.600000e+000,8.000000e-001,4.580000e+001,3.454000e+001,5.170000e+000,2.187200e+001,1.400000e+001,6.330000e+000,5.802500e+001,4.800000e+000,1.870000e+001,9.600000e+001,1.620000e+001,3.260000e+001,1.765500e+002,6.737500e+001,1.304000e+002,7.050000e+001,2.400000e+001,2.475000e+001,1.200000e+000,8.000000e-001,2.860000e+001,5.775000e+000,6.407500e+001,6.000000e+000,2.812000e+002,1.161000e+002,1.110000e+001,8.000000e+000,6.239700e+001,4.275000e+000,2.359200e+001,2.926000e+000,1.000000e+000,3.886300e+001,9.900000e+000,2.033000e+001,2.560000e+001,9.330000e+001,2.600000e+001,1.177000e+002,3.000000e+002,1.080000e+002,5.225000e+000,7.830000e+001,6.000000e-001,6.800000e+001,1.155000e+001,2.250000e-001,;
4.631000e+002,8.000000e+001,2.036100e+002,5.851000e+002,1.122000e+002,9.000000e+002,1.440000e+003,4.560000e+001,5.580000e+001,3.006000e+002,7.700000e+000,6.000000e+001,4.800000e+002,1.500000e+002,9.200000e+001,1.128000e+002,1.304000e+002,2.288000e+002,2.480000e+002,1.980000e+002,1.648000e+002,1.092000e+002,5.850000e+001,1.848000e+002,1.694000e+002,2.310000e+001,6.300000e+001,2.520000e+002,2.860000e+002,2.160000e+002,6.710000e+001,6.105600e+002,1.160000e+002,3.400000e+001,1.284250e+002,3.600000e+001,4.200000e+001,6.894000e+001,7.713000e+002,4.080000e+001,7.025000e+001,9.000000e+000,2.250000e-001,2.025000e+001,6.682500e+001,2.024000e+002,1.350000e+000,1.392000e+002,5.463000e+002,3.345600e+001,3.437500e+001,5.112000e+000,8.488000e+000,3.960000e+001,7.177500e+001,7.700000e+000,2.400000e+001,1.463000e+000,7.360000e+001,2.089200e+001,1.490500e+001,6.655000e+000,5.500000e-001,7.136000e+000,1.600000e+000,9.810000e+000,5.880000e+001,3.000000e+000,1.200000e+000,5.496000e+001,2.512000e+001,5.687000e+000,3.007400e+001,1.400000e+001,7.596000e+000,4.747500e+001,4.800000e+000,1.700000e+001,1.440000e+002,1.440000e+001,2.608000e+001,1.605000e+002,5.512500e+001,1.956000e+002,7.050000e+001,2.200000e+001,2.700000e+001,1.200000e+000,1.200000e+000,2.600000e+001,4.725000e+000,5.242500e+001,4.000000e+000,3.515000e+002,9.675000e+001,1.110000e+001,1.100000e+001,7.626300e+001,3.800000e+000,2.359200e+001,3.192000e+000,8.000000e-001,2.826400e+001,8.800000e+000,1.829700e+001,3.840000e+001,6.997500e+001,2.600000e+001,1.177000e+002,2.700000e+002,1.215000e+002,5.225000e+000,7.830000e+001,4.000000e-001,8.500000e+001,9.450000e+000,2.250000e-001,;
