ns=50;
RHS_ind = [
44;45;46;47;48;49;50;51;52;53;54;55;56;57;58;59;60;61;62;63;64;65;66;67;68;69;70;71;72;73;74;75;76;77;78;79;80;81;82;83;];
senario = [
2.500000e+001,2.300000e+001,1.200000e+001,2.500000e+001,1.900000e+001,1.600000e+001,1.000000e+000,7.000000e+000,8.000000e+000,2.600000e+001,1.400000e+001,4.000000e+001,2.100000e+001,1.500000e+001,5.000000e+000,1.600000e+001,2.300000e+001,4.900000e+001,0.000000e+000,2.300000e+001,1.000000e+001,4.500000e+001,3.000000e+000,1.700000e+001,3.300000e+001,0.000000e+000,1.900000e+001,1.500000e+001,2.700000e+001,2.400000e+001,3.000000e+001,1.000000e+000,1.900000e+001,2.700000e+001,3.000000e+001,4.600000e+001,3.000000e+000,1.000000e+001,1.900000e+001,3.600000e+001,;
2.500000e+001,1.300000e+001,1.200000e+001,3.500000e+001,9.000000e+000,2.600000e+001,1.000000e+000,1.700000e+001,8.000000e+000,1.600000e+001,1.400000e+001,4.000000e+001,3.100000e+001,2.500000e+001,1.500000e+001,6.000000e+000,3.300000e+001,3.900000e+001,1.000000e+001,1.300000e+001,1.000000e+001,4.500000e+001,3.000000e+000,1.700000e+001,3.300000e+001,8.000000e+000,9.000000e+000,1.500000e+001,2.700000e+001,3.400000e+001,3.000000e+001,1.000000e+000,1.900000e+001,3.700000e+001,3.000000e+001,4.600000e+001,3.000000e+000,1.000000e+001,1.900000e+001,2.600000e+001,;
2.500000e+001,1.300000e+001,1.200000e+001,2.500000e+001,9.000000e+000,2.600000e+001,1.000000e+000,1.700000e+001,1.800000e+001,2.600000e+001,1.400000e+001,3.000000e+001,3.100000e+001,1.500000e+001,1.500000e+001,6.000000e+000,2.300000e+001,4.900000e+001,1.000000e+001,1.300000e+001,2.000000e+001,4.500000e+001,1.300000e+001,1.700000e+001,4.300000e+001,8.000000e+000,9.000000e+000,5.000000e+000,1.700000e+001,2.400000e+001,4.000000e+001,1.100000e+001,1.900000e+001,2.700000e+001,3.000000e+001,4.600000e+001,1.300000e+001,2.000000e+001,1.900000e+001,2.600000e+001,;
1.500000e+001,2.300000e+001,1.200000e+001,3.500000e+001,9.000000e+000,1.600000e+001,1.000000e+000,1.700000e+001,8.000000e+000,1.600000e+001,1.400000e+001,4.000000e+001,2.100000e+001,2.500000e+001,1.500000e+001,6.000000e+000,2.300000e+001,4.900000e+001,1.000000e+001,1.300000e+001,1.000000e+001,5.500000e+001,3.000000e+000,2.700000e+001,4.300000e+001,0.000000e+000,1.900000e+001,1.500000e+001,1.700000e+001,2.400000e+001,3.000000e+001,1.000000e+000,1.900000e+001,2.700000e+001,2.000000e+001,3.600000e+001,1.300000e+001,1.000000e+001,2.900000e+001,3.600000e+001,;
1.500000e+001,1.300000e+001,2.000000e+000,3.500000e+001,9.000000e+000,1.600000e+001,1.000000e+000,7.000000e+000,8.000000e+000,2.600000e+001,2.400000e+001,4.000000e+001,3.100000e+001,1.500000e+001,1.500000e+001,6.000000e+000,3.300000e+001,4.900000e+001,1.000000e+001,1.300000e+001,1.000000e+001,5.500000e+001,3.000000e+000,1.700000e+001,4.300000e+001,8.000000e+000,1.900000e+001,5.000000e+000,1.700000e+001,3.400000e+001,3.000000e+001,1.100000e+001,9.000000e+000,3.700000e+001,2.000000e+001,4.600000e+001,1.300000e+001,2.000000e+001,1.900000e+001,2.600000e+001,;
2.500000e+001,1.300000e+001,1.200000e+001,3.500000e+001,1.900000e+001,1.600000e+001,1.000000e+000,1.700000e+001,8.000000e+000,1.600000e+001,1.400000e+001,3.000000e+001,2.100000e+001,1.500000e+001,1.500000e+001,6.000000e+000,3.300000e+001,3.900000e+001,0.000000e+000,2.300000e+001,1.000000e+001,5.500000e+001,3.000000e+000,1.700000e+001,4.300000e+001,0.000000e+000,1.900000e+001,1.500000e+001,2.700000e+001,2.400000e+001,4.000000e+001,1.100000e+001,1.900000e+001,3.700000e+001,3.000000e+001,3.600000e+001,3.000000e+000,1.000000e+001,1.900000e+001,2.600000e+001,;
2.500000e+001,1.300000e+001,1.200000e+001,2.500000e+001,9.000000e+000,2.600000e+001,1.000000e+000,7.000000e+000,8.000000e+000,1.600000e+001,2.400000e+001,3.000000e+001,3.100000e+001,1.500000e+001,1.500000e+001,1.600000e+001,2.300000e+001,3.900000e+001,1.000000e+001,2.300000e+001,1.000000e+001,5.500000e+001,1.300000e+001,2.700000e+001,3.300000e+001,0.000000e+000,1.900000e+001,1.500000e+001,2.700000e+001,2.400000e+001,3.000000e+001,1.100000e+001,1.900000e+001,2.700000e+001,2.000000e+001,4.600000e+001,1.300000e+001,1.000000e+001,2.900000e+001,3.600000e+001,;
1.500000e+001,2.300000e+001,1.200000e+001,2.500000e+001,9.000000e+000,1.600000e+001,1.100000e+001,7.000000e+000,8.000000e+000,2.600000e+001,2.400000e+001,4.000000e+001,2.100000e+001,1.500000e+001,5.000000e+000,1.600000e+001,2.300000e+001,3.900000e+001,0.000000e+000,2.300000e+001,1.000000e+001,5.500000e+001,3.000000e+000,1.700000e+001,3.300000e+001,8.000000e+000,1.900000e+001,1.500000e+001,1.700000e+001,3.400000e+001,4.000000e+001,1.100000e+001,9.000000e+000,2.700000e+001,3.000000e+001,4.600000e+001,3.000000e+000,1.000000e+001,2.900000e+001,3.600000e+001,;
1.500000e+001,1.300000e+001,2.000000e+000,3.500000e+001,1.900000e+001,2.600000e+001,1.000000e+000,1.700000e+001,1.800000e+001,1.600000e+001,2.400000e+001,4.000000e+001,2.100000e+001,2.500000e+001,5.000000e+000,1.600000e+001,2.300000e+001,4.900000e+001,0.000000e+000,2.300000e+001,2.000000e+001,4.500000e+001,3.000000e+000,2.700000e+001,3.300000e+001,0.000000e+000,1.900000e+001,5.000000e+000,2.700000e+001,3.400000e+001,3.000000e+001,1.000000e+000,9.000000e+000,3.700000e+001,2.000000e+001,4.600000e+001,1.300000e+001,2.000000e+001,1.900000e+001,3.600000e+001,;
1.500000e+001,2.300000e+001,2.000000e+000,2.500000e+001,9.000000e+000,2.600000e+001,1.100000e+001,1.700000e+001,8.000000e+000,1.600000e+001,1.400000e+001,4.000000e+001,2.100000e+001,1.500000e+001,1.500000e+001,1.600000e+001,3.300000e+001,3.900000e+001,0.000000e+000,2.300000e+001,2.000000e+001,4.500000e+001,1.300000e+001,2.700000e+001,4.300000e+001,0.000000e+000,9.000000e+000,1.500000e+001,2.700000e+001,3.400000e+001,3.000000e+001,1.100000e+001,1.900000e+001,2.700000e+001,3.000000e+001,3.600000e+001,3.000000e+000,1.000000e+001,2.900000e+001,2.600000e+001,;
1.500000e+001,2.300000e+001,1.200000e+001,3.500000e+001,9.000000e+000,1.600000e+001,1.100000e+001,7.000000e+000,8.000000e+000,1.600000e+001,2.400000e+001,4.000000e+001,3.100000e+001,2.500000e+001,1.500000e+001,6.000000e+000,2.300000e+001,4.900000e+001,1.000000e+001,1.300000e+001,2.000000e+001,4.500000e+001,3.000000e+000,2.700000e+001,4.300000e+001,0.000000e+000,9.000000e+000,1.500000e+001,1.700000e+001,3.400000e+001,4.000000e+001,1.000000e+000,9.000000e+000,3.700000e+001,3.000000e+001,4.600000e+001,3.000000e+000,2.000000e+001,1.900000e+001,2.600000e+001,;
2.500000e+001,1.300000e+001,2.000000e+000,2.500000e+001,9.000000e+000,2.600000e+001,1.100000e+001,1.700000e+001,1.800000e+001,1.600000e+001,2.400000e+001,3.000000e+001,2.100000e+001,1.500000e+001,5.000000e+000,6.000000e+000,3.300000e+001,3.900000e+001,1.000000e+001,2.300000e+001,1.000000e+001,5.500000e+001,3.000000e+000,2.700000e+001,3.300000e+001,8.000000e+000,9.000000e+000,5.000000e+000,2.700000e+001,3.400000e+001,4.000000e+001,1.000000e+000,9.000000e+000,3.700000e+001,2.000000e+001,3.600000e+001,1.300000e+001,1.000000e+001,2.900000e+001,3.600000e+001,;
2.500000e+001,1.300000e+001,1.200000e+001,2.500000e+001,1.900000e+001,2.600000e+001,1.000000e+000,1.700000e+001,1.800000e+001,1.600000e+001,2.400000e+001,4.000000e+001,2.100000e+001,1.500000e+001,1.500000e+001,1.600000e+001,2.300000e+001,3.900000e+001,0.000000e+000,1.300000e+001,2.000000e+001,4.500000e+001,3.000000e+000,1.700000e+001,3.300000e+001,0.000000e+000,1.900000e+001,5.000000e+000,2.700000e+001,2.400000e+001,4.000000e+001,1.100000e+001,9.000000e+000,2.700000e+001,2.000000e+001,3.600000e+001,3.000000e+000,2.000000e+001,2.900000e+001,3.600000e+001,;
